[gd_scene format=3 uid="uid://dh8354j8ruqaj"]

[ext_resource type="Script" uid="uid://cvl3ornyu4inh" path="res://scenes/game.gd" id="1_lbhrr"]
[ext_resource type="PackedScene" uid="uid://bsbrmn0jwohup" path="res://scenes/hud.tscn" id="1_lnu2h"]
[ext_resource type="PackedScene" uid="uid://connwbqdnwbio" path="res://scenes/player.tscn" id="1_uwrxv"]
[ext_resource type="PackedScene" uid="uid://1cin6wcsqvfu" path="res://scenes/portal.tscn" id="2_kvpfn"]
[ext_resource type="PackedScene" uid="uid://dsvmctv4la0no" path="res://scenes/enemy.tscn" id="2_yqjtg"]
[ext_resource type="PackedScene" uid="uid://bogijtw0acja4" path="res://scenes/level/platform_large.tscn" id="4_lbhrr"]
[ext_resource type="PackedScene" uid="uid://o0x5qrn36hcv" path="res://scenes/level/platform_small_rotating.tscn" id="5_0tnpc"]
[ext_resource type="PackedScene" uid="uid://b76dblirrgsw5" path="res://scenes/level/wall_high.tscn" id="6_gee14"]
[ext_resource type="PackedScene" uid="uid://cgcj07h5wm2ea" path="res://scenes/level/platform_small.tscn" id="7_0tnpc"]
[ext_resource type="PackedScene" uid="uid://me7darqs3ddi" path="res://scenes/level/wall_low.tscn" id="8_vtaks"]
[ext_resource type="PackedScene" uid="uid://d3x5o24xqoi4y" path="res://scenes/pickups/heart_pickup.tscn" id="10_vtaks"]

[sub_resource type="ProceduralSkyMaterial" id="ProceduralSkyMaterial_8cj0n"]
sky_top_color = Color(0.075, 0.13, 0.11, 1)
sky_horizon_color = Color(0.55, 0.62, 0.34, 1)
sky_curve = 0.32
sky_energy_multiplier = 0.78
ground_bottom_color = Color(0.065, 0.08, 0.045, 1)
ground_horizon_color = Color(0.55, 0.62, 0.34, 1)
ground_curve = 0.22
ground_energy_multiplier = 0.5

[sub_resource type="Sky" id="Sky_uwrxv"]
sky_material = SubResource("ProceduralSkyMaterial_8cj0n")

[sub_resource type="Environment" id="Environment_yqjtg"]
background_mode = 2
sky = SubResource("Sky_uwrxv")
ambient_light_source = 2
ambient_light_color = Color(0.34, 0.42, 0.26, 1)
ambient_light_sky_contribution = 0.35
ambient_light_energy = 0.62
reflected_light_source = 2
tonemap_mode = 2
tonemap_exposure = 1.05
tonemap_white = 1.25
glow_enabled = true
glow_intensity = 0.22
glow_bloom = 0.08
fog_enabled = true
fog_light_color = Color(0.55, 0.62, 0.34, 1)
fog_light_energy = 0.45
fog_sun_scatter = 0.12
fog_density = 0.018
fog_aerial_perspective = 0.72
fog_sky_affect = 0.464
volumetric_fog_enabled = true
volumetric_fog_density = 0.0191
volumetric_fog_albedo = Color(0.58, 0.66, 0.37, 1)
volumetric_fog_anisotropy = 0.62
adjustment_enabled = true
adjustment_saturation = 1.08

[sub_resource type="BoxShape3D" id="BoxShape3D_vtaks"]
size = Vector3(250, 1, 250)

[node name="Game" type="Node3D" unique_id=1158255392]
script = ExtResource("1_lbhrr")
portal_scene = ExtResource("2_kvpfn")
half_day_time = 120.0

[node name="HUD" parent="." unique_id=429791386 instance=ExtResource("1_lnu2h")]

[node name="Enviornement" type="WorldEnvironment" parent="." unique_id=1138551987]
environment = SubResource("Environment_yqjtg")

[node name="Sun" type="DirectionalLight3D" parent="." unique_id=1570479734]
transform = Transform3D(-0.1736482, -0.17101006, 0.96984625, 0, 0.9848077, 0.17364818, -0.9848077, 0.030153692, -0.17101008, 0, 0, 0)
light_color = Color(0.72156864, 1, 0.6039216, 1)
light_energy = 0.8
light_angular_distance = 0.45
shadow_enabled = true

[node name="Characters" type="Node3D" parent="." unique_id=28782440]

[node name="Player" parent="Characters" unique_id=1309102338 instance=ExtResource("1_uwrxv")]
transform = Transform3D(1, 0, 0, 0, 1, 0, 0, 0, 1, 0, 0.7786157, 6.012886)

[node name="Enemy" parent="Characters" unique_id=14247012 instance=ExtResource("2_yqjtg")]
transform = Transform3D(-0.99767476, 0, 0.06815454, 0, 1, 0, -0.06815454, 0, -0.99767476, 5.217706, 5.7630057, -23.487547)

[node name="Enemy2" parent="Characters" unique_id=1899125799 instance=ExtResource("2_yqjtg")]
transform = Transform3D(-0.8195323, 0, -0.57303303, 0, 1, 0, 0.57303303, 0, -0.8195323, 27.718256, 4.8529997, -34.667343)

[node name="Enemy3" parent="Characters" unique_id=1211804013 instance=ExtResource("2_yqjtg")]
transform = Transform3D(-0.9216804, 0, 0.38795006, 0, 1, 0, -0.38795006, 0, -0.9216804, 20.387846, 4.781441, -31.592405)

[node name="Enemy4" parent="Characters" unique_id=948810766 instance=ExtResource("2_yqjtg")]
transform = Transform3D(1, 0, 0, 0, 1, 0, 0, 0, 1, 47.796635, 2.716185, 35.533875)

[node name="Enemy5" parent="Characters" unique_id=830122227 instance=ExtResource("2_yqjtg")]
transform = Transform3D(0.76531476, 0, -0.6436562, 0, 1, 0, 0.6436562, 0, 0.76531476, 38.843277, 1.9574575, 30.75005)

[node name="Enemy6" parent="Characters" unique_id=1869918565 instance=ExtResource("2_yqjtg")]
transform = Transform3D(0.9281744, 0, 0.3721456, 0, 1, 0, -0.3721456, 0, 0.9281744, 41.95963, 3.298376, -3.1959176)

[node name="Enemy7" parent="Characters" unique_id=960835441 instance=ExtResource("2_yqjtg")]
transform = Transform3D(0.25397736, 0, 0.9672102, 0, 1, 0, -0.9672102, 0, 0.25397736, 54.659397, 0, -13.168144)

[node name="Enemy8" parent="Characters" unique_id=1761198835 instance=ExtResource("2_yqjtg")]
transform = Transform3D(1, 0, 0, 0, 1, 0, 0, 0, 1, 39.93774, 8.0412855, 59.890404)

[node name="Enemy9" parent="Characters" unique_id=1526879963 instance=ExtResource("2_yqjtg")]
transform = Transform3D(0.47295067, 0, -0.881089, 0, 1, 0, 0.881089, 0, 0.47295067, 7.170933, 4.971527, 63.39465)

[node name="Enemy10" parent="Characters" unique_id=397139771 instance=ExtResource("2_yqjtg")]
transform = Transform3D(-0.11836922, 0, -0.99296963, 0, 1, 0, 0.99296963, 0, -0.11836922, -20.063328, 5.989629, 61.94136)

[node name="Enemy11" parent="Characters" unique_id=2057805855 instance=ExtResource("2_yqjtg")]
transform = Transform3D(-0.98748, 0, 0.15774447, 0, 1, 0, -0.15774447, 0, -0.98748, -33.012413, 2.691966, 50.931213)

[node name="EnemyWinCon01" parent="Characters" unique_id=1428710742 instance=ExtResource("2_yqjtg")]
transform = Transform3D(-0.9945036, 0, 0.10470206, 0, 1, 0, -0.10470206, 0, -0.9945036, -42.526962, 4.6229606, 12.574052)

[node name="EnemyWinCon02" parent="Characters" unique_id=654601256 instance=ExtResource("2_yqjtg")]
transform = Transform3D(-0.7332078, 0, 0.68000466, 0, 1, 0, -0.68000466, 0, -0.7332078, -32.599934, 2.0545888, 11.137186)

[node name="EnemyWinCon03" parent="Characters" unique_id=1156788697 instance=ExtResource("2_yqjtg")]
transform = Transform3D(-0.66951966, 0, -0.74279433, 0, 1, 0, 0.74279433, 0, -0.66951966, -54.3893, 1.2815671, 13.028919)

[node name="Level" type="Node3D" parent="." unique_id=198287855]

[node name="DeathZone" type="Area3D" parent="Level" unique_id=373721836]
collision_layer = 0
collision_mask = 2

[node name="CollisionShape3D" type="CollisionShape3D" parent="Level/DeathZone" unique_id=1521804920]
transform = Transform3D(1, 0, 0, 0, 1, 0, 0, 0, 1, 12.954292, -16.18261, 14.505463)
shape = SubResource("BoxShape3D_vtaks")

[node name="WallLow8" parent="Level" unique_id=995416494 instance=ExtResource("8_vtaks")]
transform = Transform3D(1.7512506, -0.8954164, -0.3624266, 0.91633016, 1.7773588, 0.036551937, 0.30571645, -0.198057, 1.966548, 61.57539, 0.8237493, 9.044966)

[node name="PlatformLarge" parent="Level" unique_id=2059513620 instance=ExtResource("4_lbhrr")]
transform = Transform3D(3, 0, 0, 0, 3, 0, 0, 0, 3, 0.14341903, -2.7886484, 2.142932)

[node name="PlatformLarge2" parent="Level" unique_id=1419686798 instance=ExtResource("4_lbhrr")]
transform = Transform3D(2, 0, 0, 0, 2, 0, 0, 0, 2, 5.818882, 0.25817776, -14.940781)

[node name="WallHigh" parent="Level" unique_id=399280329 instance=ExtResource("6_gee14")]
transform = Transform3D(1, 0, 0, 0, 1, 0, 0, 0, 1, 3.0285711, 1.2581773, -12.602224)

[node name="WallHigh2" parent="Level" unique_id=791374558 instance=ExtResource("6_gee14")]
transform = Transform3D(1, 0, 0, 0, 1, 0, 0, 0, 1, 7.8041916, 1.2581773, -13.755074)

[node name="WallHigh3" parent="Level" unique_id=808098872 instance=ExtResource("6_gee14")]
transform = Transform3D(1, 0, 0, 0, 1, 0, 0, 0, 1, 4.2730284, 1.2581778, -15.252495)

[node name="PlatformSmall" parent="Level" unique_id=778600220 instance=ExtResource("7_0tnpc")]
transform = Transform3D(1, 0, 0, 0, 0.9540052, 0.29979014, 0, -0.29979014, 0.9540052, 14.717811, 1.4714003, -18.957207)

[node name="PlatformSmall2" parent="Level" unique_id=1051559332 instance=ExtResource("7_0tnpc")]
transform = Transform3D(0.69745284, -0.09002859, -0.7109532, 0, 0.99207747, -0.12562759, 0.7166307, 0.08761932, 0.69192725, 18.593504, 1.6275725, -21.985302)

[node name="PlatformSmall3" parent="Level" unique_id=1861124338 instance=ExtResource("7_0tnpc")]
transform = Transform3D(1, 0, 0, 0, 1, 0, 0, 0, 1, 21.589718, 2.7597492, -24.805561)

[node name="PlatformLarge3" parent="Level" unique_id=1235623559 instance=ExtResource("4_lbhrr")]
transform = Transform3D(1.3563185, -0.14072424, 1.463078, 0.094083786, 1.9950418, 0.10467192, -1.4668158, -0.0021582618, 1.3595759, 32.055504, 0.7426009, -25.209774)

[node name="WallLow" parent="Level" unique_id=1973797121 instance=ExtResource("8_vtaks")]
transform = Transform3D(0.8912719, -0.06557299, 0.44870323, 0.047041893, 0.9975209, 0.05233596, -0.45102268, -0.02553772, 0.89214706, 33.564056, 1.7426009, -25.1173)

[node name="WallLow2" parent="Level" unique_id=395114239 instance=ExtResource("8_vtaks")]
transform = Transform3D(0.8912719, -0.06557299, 0.44870323, 0.047041893, 0.9975209, 0.05233596, -0.45102268, -0.02553772, 0.89214706, 33.50384, 2.5426009, -25.145456)

[node name="WallLow3" parent="Level" unique_id=23009979 instance=ExtResource("8_vtaks")]
transform = Transform3D(0.8912719, -0.06557299, 0.44870323, 0.047041893, 0.9975209, 0.05233596, -0.45102268, -0.02553772, 0.89214706, 33.394516, 3.3426008, -25.209608)

[node name="WallHigh4" parent="Level" unique_id=774865751 instance=ExtResource("6_gee14")]
transform = Transform3D(0.36380053, -0.06590481, 0.9291425, 0.047041893, 0.9975209, 0.05233596, -0.93028826, 0.024668775, 0.36599892, 29.688023, 1.5779879, -24.174938)

[node name="PlatformLarge4" parent="Level" unique_id=682878870 instance=ExtResource("4_lbhrr")]
transform = Transform3D(3, 0, 0, 0, 3, 0, 0, 0, 3, 41.48505, -4.5627203, -9.739582)

[node name="WallHigh5" parent="Level" unique_id=665991987 instance=ExtResource("6_gee14")]
transform = Transform3D(-0.21122245, 0, 0.97743803, 0, 1, 0, -0.97743803, 0, -0.21122245, 46.91237, -3.0627203, -11.934376)

[node name="WallHigh6" parent="Level" unique_id=692328093 instance=ExtResource("6_gee14")]
transform = Transform3D(-0.79166096, 0, -0.6109606, 0, 1, 0, 0.6109606, 0, -0.79166096, 39.29925, -3.0627217, -8.670788)

[node name="WallHigh7" parent="Level" unique_id=1849689882 instance=ExtResource("6_gee14")]
transform = Transform3D(1, 0, 0, 0, 0.9892366, 0.14632475, 0, -0.14632475, 0.9892366, 45.61581, -3.062721, -7.4846897)

[node name="WallHigh8" parent="Level" unique_id=1544611820 instance=ExtResource("6_gee14")]
transform = Transform3D(1, 0, 0, 0, 0.9700122, -0.24305637, 0, 0.24305637, 0.9700122, 36.990288, -3.062721, -13.725281)

[node name="WallLow4" parent="Level" unique_id=1172994182 instance=ExtResource("8_vtaks")]
transform = Transform3D(0.96584445, 0, -0.2591225, 0, 1, 0, 0.2591225, 0, 0.96584445, 43.08753, -3.0627203, -10.571913)

[node name="WallLow5" parent="Level" unique_id=2050424990 instance=ExtResource("8_vtaks")]
transform = Transform3D(0.96584445, 0, -0.2591225, 0, 1, 0, 0.2591225, 0, 0.96584445, 43.04911, -2.26272, -10.639385)

[node name="PlatformSmallRotating" parent="Level" unique_id=1732157382 instance=ExtResource("5_0tnpc")]
transform = Transform3D(2, 0, 0, 0, 2, 0, 0, 0, 2, 43.323673, -1.9939528, 2.7534196)

[node name="PlatformSmallRotating2" parent="Level" unique_id=925950730 instance=ExtResource("5_0tnpc")]
transform = Transform3D(1.7026119, 1.0493392, 0, -1.0493392, 1.7026119, 0, 0, 0, 2, 44.70091, -0.74192154, 8.857403)

[node name="PlatformSmallRotating3" parent="Level" unique_id=528717975 instance=ExtResource("5_0tnpc")]
transform = Transform3D(0.3853865, 1.9625182, 0, -1.9625182, 0.3853865, 0, 0, 0, 2, 46.702282, 0, 15.097336)

[node name="PlatformLarge5" parent="Level" unique_id=584216114 instance=ExtResource("4_lbhrr")]
transform = Transform3D(1.826609, 0.24047765, -0.7782479, -0.2610524, 1.9828898, 0, 0.7715899, 0.10158174, 1.8423707, 45.941864, -0.11982751, 24.826754)

[node name="WallHigh9" parent="Level" unique_id=1201666832 instance=ExtResource("6_gee14")]
transform = Transform3D(0.54132855, 0.071267255, -0.8377854, -0.1305262, 0.9914449, -6.8140915e-09, 0.8306181, 0.10935294, 0.5459996, 49.190002, 0.43193394, 25.548395)

[node name="WallHigh10" parent="Level" unique_id=810819415 instance=ExtResource("6_gee14")]
transform = Transform3D(0.9914449, 0.1305262, 0, -0.1305262, 0.9914449, 0, 0, 0, 1, 44.67168, 1.2147363, 21.94602)

[node name="WallLow6" parent="Level" unique_id=1117486318 instance=ExtResource("8_vtaks")]
transform = Transform3D(0.12082709, 0.124457054, 0.9848408, 0.98804915, -0.11073061, -0.10722738, 0.095706835, 0.98602706, -0.13634895, 45.925217, 1.986089, 25.384954)

[node name="WallLow7" parent="Level" unique_id=1174932437 instance=ExtResource("8_vtaks")]
transform = Transform3D(0.12082709, 0.124457054, 0.9848408, 0.98804915, -0.11073061, -0.10722738, 0.095706835, 0.98602706, -0.13634895, 46.05014, 1.8832952, 26.212004)

[node name="PlatformSmall4" parent="Level" unique_id=1639559040 instance=ExtResource("7_0tnpc")]
transform = Transform3D(0.40317687, 0.15571041, -0.9017775, 0.2223748, 0.93921083, 0.26159588, 0.88769245, -0.306002, 0.34404203, 45.876686, 1.2822218, 36.10525)

[node name="PlatformSmall5" parent="Level" unique_id=7077876 instance=ExtResource("7_0tnpc")]
transform = Transform3D(0.88937795, -0.31265864, 0.33354363, 0.33165073, 0.94340223, 0, -0.3146658, 0.11061999, 0.94273466, 44.44989, 2.7015886, 40.30842)

[node name="PlatformSmall6" parent="Level" unique_id=1269928741 instance=ExtResource("7_0tnpc")]
transform = Transform3D(0.9205253, 0.3906829, 0, -0.3906829, 0.9205253, 0, 0, 0, 1, 40.200993, 3.0137053, 43.728493)

[node name="PlatformSmall7" parent="Level" unique_id=1479371129 instance=ExtResource("7_0tnpc")]
transform = Transform3D(2.5079968, 0.655364, -1.5101159, 0, 2.7520146, 1.1943264, 1.646193, -0.9984556, 2.3006814, 35.542316, 4.2361794, 50.00486)

[node name="WallHigh11" parent="Level" unique_id=1380775895 instance=ExtResource("6_gee14")]
transform = Transform3D(4.433643, 2.2284067, -0.61401474, 0, -1.3282014, -4.8203616, -2.311452, 4.2743526, -1.1777542, 24.066397, 3.2963958, 54.0071)

[node name="PlatformLarge6" parent="Level" unique_id=711318068 instance=ExtResource("4_lbhrr")]
transform = Transform3D(2.8751748, -0.6224829, 0.5881154, 0.7178646, 2.8753016, -0.4661682, -0.46694246, 0.58750075, 2.9046185, 10.447134, -0.31145954, 58.473686)

[node name="WallHigh12" parent="Level" unique_id=1991363156 instance=ExtResource("6_gee14")]
transform = Transform3D(1.3771118, 0.081880674, 0.7852616, 0.057668116, 1.4603143, -0.45049253, -0.5918078, 0.3328317, 1.7833725, 65.405975, 0.8364744, 8.694904)

[node name="WallLow9" parent="Level" unique_id=713791551 instance=ExtResource("8_vtaks")]
transform = Transform3D(4, 0, 0, 0, 1.9269154, 0.53572124, 0, -0.53572124, 1.9269154, -2.5094733, -0.88505507, 63.459213)

[node name="WallLow10" parent="Level" unique_id=2065290044 instance=ExtResource("8_vtaks")]
transform = Transform3D(3.8305056, 0.45670873, -0.35103235, -0.75623745, 1.9162571, 0.4300982, 0.8690978, -0.34550735, 1.9214035, -13.867013, -0.88505507, 63.459213)

[node name="WallLow11" parent="Level" unique_id=1287621840 instance=ExtResource("8_vtaks")]
transform = Transform3D(3.8158312, -0.34182322, -0.49296522, 0.893378, -0.28749502, 1.9281633, -0.80081624, -1.9494879, -0.19791377, -23.11285, -0.88505507, 63.459213)

[node name="PlatformSmallRotating4" parent="Level" unique_id=1986032147 instance=ExtResource("5_0tnpc")]
transform = Transform3D(1, 0, 0, 0, 1, 0, 0, 0, 1, -11.230128, 0, 71.26254)

[node name="PlatformSmallRotating5" parent="Level" unique_id=2033663823 instance=ExtResource("5_0tnpc")]
transform = Transform3D(0.91197705, 0.41024137, 0, -0.41024137, 0.91197705, 0, 0, 0, 1, -10.857829, 0.331604, 76.87076)

[node name="PlatformSmall8" parent="Level" unique_id=1777119466 instance=ExtResource("7_0tnpc")]
transform = Transform3D(0.6, 0, 0, 0, 0.6, 0, 0, 0, 0.6, -10.719634, 1.5744255, 81.67723)

[node name="PlatformLarge7" parent="Level" unique_id=451290235 instance=ExtResource("4_lbhrr")]
transform = Transform3D(1.8718725, 0.44131482, -1.5972898, -0.5387224, 2.440886, 0.043059796, 1.5671225, 0.31195733, 1.9227091, -38.008465, -2.0847511, 58.482452)

[node name="WallHigh13" parent="Level" unique_id=25806826 instance=ExtResource("6_gee14")]
transform = Transform3D(0.88755304, 0.14916253, 4.1865397e-10, -0.14667332, 0.87274164, -0.16373394, -0.027136635, 0.16146952, 0.88498086, -34.416023, -1.4777915, 58.345036)

[node name="WallHigh14" parent="Level" unique_id=1874644269 instance=ExtResource("6_gee14")]
transform = Transform3D(1.2867942, 0.39121172, -0.66416407, -0.34763747, 1.4480861, 0.1794291, 0.6879743, 0, 1.3329258, -40.3977, -0.7531209, 60.933987)

[node name="WallLow12" parent="Level" unique_id=2067146396 instance=ExtResource("8_vtaks")]
transform = Transform3D(-0.14267959, -0.06285485, -1.3912913, -0.5644045, 1.2811899, 0, 1.2732204, 0.56089365, -0.15591085, -38.549816, -0.29174978, 52.85026)

[node name="WallLow13" parent="Level" unique_id=1664950857 instance=ExtResource("8_vtaks")]
transform = Transform3D(0.22395156, 0.09865771, -1.3784456, -0.5644045, 1.2811899, -5.182964e-09, 1.2614647, 0.5557149, 0.24471943, -38.549816, 1.3922782, 48.53827)

[node name="PlatformSmallRotating6" parent="Level" unique_id=647471782 instance=ExtResource("5_0tnpc")]
transform = Transform3D(1.5, 0, 0, 0, 1.5, 0, 0, 0, 1.5, -39.973415, 3.0401025, 44.186447)

[node name="PlatformSmallRotating7" parent="Level" unique_id=851595435 instance=ExtResource("5_0tnpc")]
transform = Transform3D(-1.3069106, -0.7029866, 0.21861956, 0.73619604, -1.2479565, 0.38809785, 3.0369748e-08, 0.44543737, 1.4323357, -39.973415, 3.0401025, 32.560184)

[node name="PlatformSmall9" parent="Level" unique_id=1458558501 instance=ExtResource("7_0tnpc")]
transform = Transform3D(0.96920514, 0.22851136, -0.091782235, -0.24625479, 0.89937085, -0.36123487, 0, 0.3727125, 0.92794687, -41.15115, 3.36933, 38.308235)

[node name="PlatformSmall10" parent="Level" unique_id=1383969150 instance=ExtResource("7_0tnpc")]
transform = Transform3D(0.5304309, -0.088350065, -0.84311163, 0.20410766, 0.9786068, 0.02586257, 0.8227898, -0.18580385, 0.53711617, -41.15115, 3.36933, 27.427578)

[node name="PlatformLarge8" parent="Level" unique_id=781601880 instance=ExtResource("4_lbhrr")]
transform = Transform3D(2.9939046, 0, 0.19114101, 0, 3, 0, -0.19114101, 0, 2.9939046, -45.18839, -2.6590896, 15.225683)

[node name="WallLow14" parent="Level" unique_id=1321271303 instance=ExtResource("8_vtaks")]
transform = Transform3D(-8.742278e-08, -1, 0, 2, -4.371139e-08, 0, 0, 0, 1, -47.57401, 0.9686749, 8.474514)

[node name="WallLow15" parent="Level" unique_id=302944489 instance=ExtResource("8_vtaks")]
transform = Transform3D(0.5565741, -0.9604979, 0, 1.9209958, 0.27828705, 0, 0, 0, 1, -42.17082, 0.16360366, 8.474514)

[node name="WallLow16" parent="Level" unique_id=59410559 instance=ExtResource("8_vtaks")]
transform = Transform3D(2.6766078, 0.02683269, -0.12857816, -0.34736863, 0.0011513219, -0.99168867, -0.07144643, 0.9996393, 0.0045935083, -44.926685, 3.1509418, 7.9642143)

[node name="WallHigh15" parent="Level" unique_id=1022895956 instance=ExtResource("6_gee14")]
transform = Transform3D(1.6902438, 0, -1.0691472, 0, 2, 0, 1.0691472, 0, 1.6902438, -49.45396, -1.9060977, 18.358156)

[node name="WallHigh16" parent="Level" unique_id=1883184720 instance=ExtResource("6_gee14")]
transform = Transform3D(0.99782467, 0, 0.06592557, 0, 1, 0, -0.06592557, 0, 0.99782467, -46.908607, -1.1590889, 16.347185)

[node name="WallHigh17" parent="Level" unique_id=1377643806 instance=ExtResource("6_gee14")]
transform = Transform3D(1.2780033, 0.23813309, 0, -0.23813309, 1.2780033, 0, 0, 0, 1.3, -41.398273, -1.3285104, 15.62341)

[node name="PlatformSmall11" parent="Level" unique_id=1491854640 instance=ExtResource("7_0tnpc")]
transform = Transform3D(-3.715468e-07, -8.5, 0, 8.5, -3.715468e-07, 0, 0, 0, 8.5, -8.005358, 0, 2.7463026)

[node name="PlatformSmall12" parent="Level" unique_id=1748684640 instance=ExtResource("7_0tnpc")]
transform = Transform3D(1.6240827e-14, 3.715468e-07, 8.5, 8.5, -3.715468e-07, 0, 3.715468e-07, 8.5, -3.715468e-07, -0.15437698, 0, 10.166223)

[node name="PlatformSmall13" parent="Level" unique_id=1568771089 instance=ExtResource("7_0tnpc")]
transform = Transform3D(3.715468e-07, 8.5, -1.2834644e-06, 8.5, -3.715468e-07, 0, -5.6102008e-14, -1.2834644e-06, -8.5, 7.9958954, 0, 3.2471504)

[node name="WallLow17" parent="Level" unique_id=918494049 instance=ExtResource("8_vtaks")]
transform = Transform3D(1, 0, 0, 0, 1, 0, 0, 0, 1, -41.255833, -1.1590896, 20.17385)

[node name="WallLow18" parent="Level" unique_id=1234949972 instance=ExtResource("8_vtaks")]
transform = Transform3D(0.8073415, 0, 0.59008443, 0, 1, 0, -0.59008443, 0, 0.8073415, -41.303425, -0.3590889, 20.15742)

[node name="WallLow19" parent="Level" unique_id=850739969 instance=ExtResource("8_vtaks")]
transform = Transform3D(0.70235187, 0, -0.71182996, 0, 1, 0, 0.71182996, 0, 0.70235187, -41.365414, 0.44091117, 20.098185)

[node name="WallLow20" parent="Level" unique_id=1845674151 instance=ExtResource("8_vtaks")]
transform = Transform3D(1.5704978, 0.46438006, 0.9632696, -0.39585158, 1.8423765, -0.2427968, -0.99339753, 0, 1.6196178, -44.984447, -1.5475028, 19.294031)

[node name="Pickups" type="Node3D" parent="." unique_id=32930930]

[node name="HeartPickup" parent="Pickups" unique_id=1418570969 instance=ExtResource("10_vtaks")]
transform = Transform3D(1, 0, 0, 0, 1, 0, 0, 0, 1, 65.433655, 4.3973455, 9.345845)

[node name="HeartPickup2" parent="Pickups" unique_id=1636430508 instance=ExtResource("10_vtaks")]
transform = Transform3D(1, 0, 0, 0, 1, 0, 0, 0, 1, -10.71573, 2.8682668, 81.697914)

[node name="GameTimer" type="Timer" parent="." unique_id=725503690]
wait_time = 240.0
one_shot = true
autostart = true

[node name="PortalTest" type="Timer" parent="." unique_id=16197963]
wait_time = 3.0
one_shot = true
autostart = true

[connection signal="body_entered" from="Level/DeathZone" to="." method="_on_death_zone_body_entered"]
[connection signal="timeout" from="GameTimer" to="." method="_on_game_timer_timeout"]
[connection signal="timeout" from="PortalTest" to="." method="_on_portal_test_timeout"]
